66757   88276   
13714   66898   
87487   58877   
12997   69396   
62485   53434   
67231   69841   
99904   51135   
18379   75350   
59461   87528   
35866   33533   
25688   88767   
18379   70018   
37382   25424   
68550   46726   
44070   41136   
57100   81001   
20883   48800
87909   68425   
69003   32161   
53216   18867   
19563   58177   
46700   67114   
90768   48598   
39678   49215   
65700   50571   
56585   57798   
69003   87680   
15557   81941   
32379   25776   
58056   61540   
13872   30036   
69003   72011   
56426   74083   
81833   87228   
73309   49402   
37731   20185   
61292   79992   
53216   83744   
88596   51270   
46832   65194   
84894   83619   
48656   61729   
27189   22798   
88767   17489   
85830   72632   
74164   20376   
10793   14663   
18838   75764   
79141   42214   
70018   73812   
16156   77490   
13273   58694   
57554   84894   
61675   89172   
10793   26728   
20716   38031   
72362   42918   
67914   71012   
54567   54495   
63623   46702   
14772   43028   
30594   35521   
67268   67868   
24937   34274   
48924   20784   
84894   35595   
24579   34154   
59881   44840   
56576   36669   
66757   41986   
17065   46387   
21738   44020   
17801   84238   
30633   36022   
18379   71031   
17801   64368   
84894   10793   
34934   20169   
70811   18550   
62854   88728   
64049   66508   
54705   18159   
58284   39451   
38958   42664   
75653   23446   
43691   97584   
58006   78504   
53216   26535   
21045   15557   
47020   28271   
50514   36597   
13273   46447   
22815   95598   
81772   93731   
42899   32397   
58056   52807   
59055   26220   
54705   95837   
97159   67607   
45429   37466   
45549   43058   
38665   26473   
98333   68777   
91327   22436   
18379   88573   
13273   61259   
22391   38254   
44919   93975   
86639   57986   
62161   77318   
36775   84495   
69003   81381   
16156   57739   
40116   60598   
57284   33182   
40019   93710   
19836   37609   
38227   78984   
87784   22162   
79073   55715   
45370   63919   
87468   90630   
18379   25719   
80660   94542   
65583   46758   
67887   81729   
92261   38275   
65294   98915   
83143   56501   
18379   26391   
88767   20345   
72889   90235   
65757   76165   
17801   34771   
85257   11831   
15601   17735   
80861   82093   
34915   74646   
15331   18879   
90282   62123   
10793   76704   
46892   35340   
57504   17626   
23294   73828   
44363   60131   
10793   93584   
44764   62201   
87646   19005   
42747   35018   
36954   47795   
78433   41800   
85010   80773   
34934   80820   
81640   22857   
10995   37449   
24232   82183   
46505   45864   
48985   36815   
13273   54020   
88831   81545   
18336   62572   
64739   44708   
97842   66801   
12794   59501   
75382   67098   
53216   21266   
43409   58508   
20883   84719   
65647   45950   
47730   70627   
87646   94298   
88003   11607   
20883   99117   
13714   17953   
86162   31425   
88767   85902   
97877   88524   
35026   63952   
38958   19191   
15331   79802   
56895   57866   
46538   62302   
95481   78098   
43965   20698   
80543   84629   
21616   41677   
27525   27485   
45791   75935   
16820   31977   
78794   10336   
13714   38958   
61769   84834   
44057   96511   
28591   12736   
59184   89758   
54868   53646   
91337   15153   
34232   32060   
45791   27908   
78168   16393   
52734   25261   
38227   60760   
20883   25775   
29227   16904   
53147   62346   
42526   47080   
70760   93255   
13714   89013   
69177   43284   
93383   65144   
87646   48707   
58056   57437   
75483   11138   
38227   24856   
60040   29683   
55209   98693   
69834   77263   
66757   30391   
47463   33113   
34934   65000   
62769   31396   
54868   46020   
85419   99476   
68175   11386   
58056   13977   
38227   86041   
84894   62608   
68879   80461   
35285   42619   
71805   18929   
28002   91858   
58965   19069   
39986   61625   
26273   13273   
17801   58290   
73406   31333   
13714   95844   
65412   29334   
38958   24222   
34934   76497   
89514   47981   
34934   81211   
54868   43664   
56326   74273   
62234   45398   
24775   98433   
45683   26920   
53650   27584   
34934   63319   
94619   54868   
21445   43366   
67268   71718   
64077   83801   
87482   61400   
73784   61109   
95495   95577   
62470   27710   
60416   68618   
48005   14815   
22460   99140   
93554   19676   
67268   66372   
54705   44319   
38227   73785   
93256   67363   
18379   37981   
73147   64109   
20524   38227   
32773   50207   
34934   15814   
51496   35531   
40501   87819   
59926   77349   
53216   53298   
89273   93233   
53090   39520   
18379   12419   
30633   60177   
20883   75199   
61815   56305   
20883   32449   
92261   34934   
70811   27633   
76937   41294   
83935   34059   
53216   55758   
20883   95114   
17801   73343   
34990   58117   
96230   10949   
62234   50109   
69003   83134   
73755   42282   
16156   98859   
34936   77195   
70641   68363   
56932   27138   
69003   54907   
34963   48273   
38227   54605   
53216   62553   
70286   17301   
53216   21589   
66836   96728   
35032   17529   
25694   89541   
91737   51908   
88253   29216   
45791   37748   
87646   38967   
17801   25027   
70633   37822   
67268   16972   
34934   65654   
95938   89175   
45000   92617   
83146   83877   
90064   44697   
38099   66651   
82635   78880   
39515   37397   
50909   95633   
21622   43655   
89934   64537   
87646   40450   
13138   35026   
65063   50317   
26063   36367   
55251   72620   
88897   92261   
38227   65227   
18379   55208   
90329   75345   
21974   42971   
67268   23437   
18379   67508   
16156   30045   
27240   26319   
38227   94064   
76351   82690   
67139   72650   
22712   50246   
15747   43186   
20883   95740   
13714   93191   
83628   18379   
15557   88847   
58056   93995   
63382   29163   
83041   14073   
28252   58056   
50517   38419   
36822   72129   
16927   60430   
85921   53216   
13714   26547   
62059   83079   
19940   93135   
16156   77493   
39266   12140   
62615   95863   
62234   95009   
24152   54331   
16156   41336   
19287   28390   
15504   30001   
53692   16467   
83571   41976   
87214   72803   
10867   13293   
64934   81616   
82155   55833   
56036   56308   
88011   37379   
45791   82304   
91524   25192   
79890   61301   
22365   50596   
17501   89256   
58056   51767   
82991   99750   
58056   73773   
92694   55989   
54705   97758   
66836   10410   
15557   53668   
98199   77104   
93700   68379   
45791   77163   
83674   28265   
87646   90246   
53216   16607   
10986   96931   
69003   58164   
26903   73496   
87646   48229   
92261   45012   
73386   66692   
67293   37875   
58056   46075   
16156   48894   
28966   99826   
13714   14013   
75281   71154   
52658   66577   
67971   36276   
67976   19745   
16045   50165   
39831   38691   
24698   95886   
53216   52404   
41597   29053   
58906   54601   
47079   78577   
48581   88081   
68666   22120   
62161   26351   
38227   65154   
14427   94729   
54705   24835   
67268   47235   
32949   73145   
15557   36917   
84370   20883   
13273   52413   
16318   34176   
34982   63332   
67268   31710   
39986   71774   
81359   85579   
47411   41953   
35053   97551   
37157   71600   
10793   59341   
20883   31814   
28138   95286   
70018   76385   
30633   55251   
38227   90169   
99935   29732   
49689   13303   
88468   72252   
58056   17173   
70149   28700   
87646   17812   
85815   53025   
39986   59430   
87646   12042   
13714   58967   
67196   85014   
35030   46781   
17397   39766   
13714   73197   
37175   90285   
77643   79561   
38227   20685   
44446   76311   
59320   79752   
38958   43455   
54705   20101   
99694   40723   
70018   99036   
54965   15360   
12873   83359   
54868   24092   
71718   74245   
62161   78493   
55721   18109   
59369   33181   
19435   30810   
94743   49318   
62161   48376   
87414   66515   
15557   85559   
44720   52603   
20883   15485   
27019   96967   
12132   82449   
15557   15134   
87646   77060   
30633   15232   
81344   84525   
58056   78813   
35026   94671   
99195   42843   
49878   74833   
57461   66138   
78545   76441   
16156   48947   
46125   40084   
31266   39507   
92912   22913   
34580   57276   
89739   58685   
91562   79898   
38958   31508   
18379   81103   
53216   22402   
81856   20796   
83048   12508   
58056   15845   
53216   13737   
35703   44058   
42524   50103   
18379   96114   
54868   77456   
66757   11099   
93538   55100   
28815   66890   
20001   34647   
88767   89464   
54705   59790   
58056   66352   
35759   22083   
38958   50907   
44593   53119   
43558   63810   
52839   80195   
80406   23998   
58056   68579   
86161   83066   
62161   54633   
45107   11848   
30633   39398   
58056   55018   
11285   15490   
95835   22818   
28867   70014   
57746   84784   
65352   56723   
87903   42172   
86600   27501   
91343   68628   
91216   26910   
34934   69452   
84894   55377   
23086   75773   
92261   76624   
61352   95112   
75410   87646   
88973   17801   
24188   87295   
71189   44500   
79027   44268   
34510   36127   
81842   47954   
64378   32935   
36571   82874   
81253   43736   
70328   35398   
38596   57240   
79284   66137   
82128   70642   
92184   26664   
11347   21077   
89605   18083   
85815   68347   
38958   43546   
30633   59969   
89890   97915   
16300   27970   
96640   34897   
76961   68826   
88767   62321   
76074   31006   
15053   84746   
63856   90395   
67268   79681   
48545   21845   
20504   14083   
29312   27976   
66305   55683   
34934   37310   
16156   97078   
10730   59224   
36549   97516   
66592   97794   
10793   68947   
97170   92999   
66144   90600   
28741   60922   
79303   94745   
40342   92352   
59932   23167   
88767   58643   
66757   26061   
67268   81562   
32838   62234   
78332   32629   
18379   55857   
71709   86338   
58121   33959   
51180   49952   
92469   25710   
71788   89653   
16156   29597   
87881   48607   
54705   45503   
16156   34827   
94098   55026   
34934   79004   
95083   49530   
28344   63035   
54751   21467   
34915   32990   
34934   37155   
55251   86903   
10108   99869   
47298   92845   
60183   23477   
56651   49028   
68503   85415   
15557   86639   
38227   92362   
34915   47938   
12304   56412   
75369   53250   
76347   97330   
91259   34681   
90665   63641   
58997   23187   
71718   30279   
67268   69161   
63209   85026   
34932   39547   
30633   26347   
39986   38232   
76836   58398   
33664   20322   
20883   15669   
98658   58858   
13714   22292   
20883   29471   
49702   90339   
49173   79941   
84894   27230   
63029   72115   
84894   82786   
80172   91405   
67268   37597   
31565   69470   
34934   92310   
29399   31838   
89342   45720   
29470   81126   
93980   18163   
30633   84101   
15557   68690   
16156   81944   
91824   75593   
15557   84103   
73920   47576   
20560   67268   
20731   81782   
99203   34915   
87413   90879   
36392   37594   
68848   66147   
70811   79839   
56365   15112   
39986   12908   
10676   84519   
62234   59355   
62008   82078   
47549   55861   
34934   29250   
50287   61882   
54557   87566   
60436   92451   
47513   81915   
19090   97640   
17801   85815   
47705   99849   
91614   63018   
55251   28370   
86597   48533   
34459   80523   
59020   31016   
54705   58468   
70018   43628   
80703   64414   
34915   44240   
84894   11713   
71311   38810   
35026   96131   
10936   88407   
85865   93559   
26160   13946   
18379   47619   
83917   10982   
70811   11173   
66757   90206   
88623   92293   
18379   76729   
15557   43385   
32112   21688   
85603   34259   
66836   89157   
10498   57155   
39986   24597   
69825   74759   
34934   78307   
43335   39986   
81803   27292   
85627   16156   
13714   63506   
14568   31033   
41539   37996   
67268   62762   
88612   16153   
84125   52242   
49872   15408   
38958   62161   
10793   83394   
80576   41640   
38958   81262   
54311   63439   
18379   56270   
66836   70128   
88767   14772   
85815   49672   
43259   65463   
45228   36553   
85016   91426   
84894   87810   
91756   60238   
30633   25042   
20883   24118   
59592   89578   
28169   12535   
54868   98679   
13714   66756   
60740   32315   
16156   54236   
82952   57742   
30613   88687   
11813   27546   
39309   38444   
56057   54413   
67268   61066   
68918   50625   
55378   64691   
56691   14588   
37006   82277   
84894   86045   
57086   10805   
67268   26418   
60476   33509   
66836   92241   
86823   16301   
10793   33262   
52670   63819   
10793   60290   
53216   27878   
98193   62757   
34915   33736   
87646   54632   
43032   98296   
67268   40338   
41598   39847   
18379   68719   
33052   26251   
69560   31242   
56471   17968   
53535   65814   
25880   87166   
54868   66068   
88767   63451   
41062   75377   
55251   76019   
12486   31860   
16698   16990   
18379   68237   
66836   97234   
66836   10354   
87646   90915   
58056   57030   
54705   46774   
53216   98324   
53216   62884   
66391   69753   
13975   40694   
13273   29722   
55251   82408   
58056   78426   
38227   36510   
67268   82646   
87646   60802   
66757   22506   
15557   41287   
66836   70889   
67268   42747   
90043   63269   
82436   94305   
22670   83292   
39551   99601   
66757   28090   
41388   75509   
75763   72603   
27121   83377   
29742   60842   
69003   75682   
91520   22941   
96589   17444   
74511   74802   
22164   14072   
16156   87701   
38958   34656   
55251   46875   
96310   27302   
18379   48261   
18379   76463   
62161   82028   
40972   73870   
55251   61202   
53216   42408   
98985   35464   
58056   70524   
15557   82046   
67481   36533   
23899   57066   
62234   46809   
20883   68136   
77821   96003   
95184   91179   
34915   48169   
59886   66757   
16156   13487   
86757   31943   
70811   30614   
70309   49160   
39722   73079   
37895   48309   
71680   37764   
37598   69645   
45296   73753   
70018   40007   
65261   28731   
81921   52577   
16156   24804   
98310   45279   
87161   50104   
38666   58957   
18712   74242   
81245   82526   
62161   53224   
65636   28710   
38227   16639   
41678   35975   
35735   69003   
61054   32252   
27344   45703   
66152   43201   
11795   69422   
13714   28861   
25321   96176   
64702   59974   
15018   41775   
63103   28765   
88767   68451   
53291   70833   
85815   91438   
26868   14337   
72661   92555   
83663   82354   
27206   91403   
53118   36010   
70672   71745   
44797   76896   
13649   80599   
27383   68209   
98935   37710   
82659   93904   
42747   30193   
54705   41556   
17801   66899   
67268   94568   
54705   54705   
38382   81380   
91559   34483   
15462   65507   
99282   30120   
30633   29450   
25981   42736   
20223   53346   
13261   14757   
24578   40165   
30274   79668   
30633   41837   
41456   84503   
22277   20697   
30633   25413   
27488   42745   
25861   20196   
37155   46639   
62045   20938   
54705   72750   
88177   30633   
53727   69800   
73432   15331   
84538   70263   
36671   45791   
97037   82870   
13504   19018   
36396   51852   
84869   27414   
56409   34329   
59556   92239   
37071   84367   
63830   77053   
48976   22196   
31004   85126   
10793   47732   
34934   61744   
54705   98222   
50118   97357   
34934   70811   
50585   16481   
24227   43767   
61159   35217   
62161   61111   
98529   12172   
54705   73660   
56295   86799   
16570   81356   
80373   11180   
92261   63364   
17801   56016   
99212   36532   
54344   50093   
57185   49544   
34915   77019   
20883   48935   
47386   59500   
72550   84514   
25351   10182   
85337   84993   
55251   32090   
53216   52538   
94306   44305   
84894   35273   
74140   82847   
33678   14193   
12093   12518   
80895   30971   
47385   63688   
87012   92997   
54652   84824   
58056   61855   
45791   54244   
92261   21885   
29445   69802   
19896   84492   
45791   72691   
80738   88759   
51249   14184   
90751   80558   
36978   52320   
54705   72459   
92752   35029   
27377   95586   
97024   20863   
34934   88115   
61708   66836   
55251   77227   
58056   45790   
53216   78529   
35026   24755   
73956   66458   
72500   88377   
62749   89711   
19344   19124   
18299   34822   
54705   22669   
85665   13714   
15331   34557   
87216   82299   
79261   29716   
13714   75280   
66540   57005   
92583   13298   
15204   23203   
67268   99989   
98670   33132   
92416   22248   
95004   54269   
61354   52385   
23411   16123   
71595   41031   
64062   61081   
96641   16985   
69003   50927   
86025   49258   
58056   51058   
34934   12476   
43346   41318   
25148   20691   
17801   22660   
26086   76815   
47508   36438   